SM:2022-02-22T13:34:54.3698999Z
LM:2022-02-22T13:35:34.8761016Z
CT:image/jpeg
MA:2592000
CL:49427
