SM:2022-02-22T13:34:54.3659009Z
LM:2022-02-22T13:35:34.8404938Z
CT:image/jpeg
MA:2592000
CL:21958
