SM:2022-02-22T13:24:16.9363524Z
LM:2022-02-22T13:24:19.8207435Z
CT:image/jpeg
MA:2592000
CL:516667
