SM:2022-02-22T13:34:54.3608966Z
LM:2022-02-22T13:35:34.8981921Z
CT:image/jpeg
MA:2592000
CL:70088
